report senza f1score
Full dataset roboflow count 500
Number of features: 67500
Number of training samples: 2440
Number of test samples: 610
Performing cross-validation using 5 values of lambda, this make take several minutes...
lambda  n_features score:
0.0000  125        0.523 
0.0000  124        0.524 
0.0000  123        0.520 
0.0000  121        0.516 
0.0000  120        0.519 
Accuracy of weak classifiers (score on test set):
  count    min    mean    max    std
-------  -----  ------  -----  -----
    500  0.500   0.557  0.603  0.011
Number of selected features: 124
Score on test set: 0.561
The predicted Data is :
[-0.04832514  0.01567486 -0.02432514 -0.00432514 -0.02032514  0.01567486
 -0.02432514 -0.06032514  0.05567486 -0.01232514 -0.03632514 -0.01632514
 -0.04032514 -0.05232514 -0.02832514 -0.02832514 -0.02432514 -0.02832514
  0.05167486 -0.07232514  0.04367486  0.02367486  0.03167486 -0.01232514
 -0.06832514 -0.02032514 -0.01232514  0.03167486  0.00767486 -0.00832514
  0.02367486  0.02367486 -0.00832514  0.00767486 -0.06032514  0.02367486
  0.01167486  0.06767486 -0.01232514  0.01567486 -0.00432514  0.02367486
 -0.07632514 -0.00032514 -0.06032514  0.08367486 -0.00432514 -0.04032514
 -0.04832514  0.03567486  0.05167486 -0.00832514 -0.04432514  0.03167486
 -0.02832514 -0.04832514 -0.05632514 -0.02832514 -0.03232514 -0.00032514
 -0.03232514 -0.04832514  0.03567486 -0.00832514 -0.00432514 -0.00432514
 -0.02032514  0.04367486  0.04367486  0.01967486 -0.00432514 -0.00032514
 -0.00032514 -0.00832514 -0.04432514 -0.06832514  0.00367486 -0.06032514
 -0.00832514  0.04367486  0.00767486  0.02367486  0.03967486  0.03567486
 -0.01632514  0.01967486  0.02367486  0.00767486 -0.02832514  0.02367486
  0.02767486 -0.04032514  0.03967486 -0.01232514 -0.05632514 -0.04432514
  0.04767486 -0.06432514  0.02367486  0.03567486 -0.07232514  0.01967486
  0.03967486  0.03967486 -0.02432514  0.00367486 -0.00432514 -0.02832514
 -0.02432514 -0.02432514 -0.05232514  0.00367486 -0.00432514  0.01167486
 -0.00432514  0.00767486 -0.00032514  0.03967486  0.02367486 -0.04032514
 -0.01632514  0.03567486 -0.03632514 -0.03632514  0.05567486  0.01567486
 -0.04432514  0.02767486 -0.05632514  0.01567486  0.01967486  0.00367486
 -0.05232514 -0.04032514  0.01167486 -0.00832514  0.07567486  0.05567486
 -0.03632514  0.04767486 -0.00832514 -0.00832514  0.04767486 -0.00432514
  0.03967486 -0.07232514 -0.06032514  0.03567486 -0.03632514  0.01567486
 -0.01632514 -0.02432514 -0.00832514 -0.03632514 -0.01632514 -0.06832514
 -0.04032514 -0.02432514 -0.01632514 -0.02432514  0.03567486 -0.06032514
 -0.03632514  0.00367486  0.02367486  0.01967486  0.00767486  0.07167486
 -0.05632514 -0.00832514  0.03967486 -0.00032514  0.00767486 -0.07232514
 -0.01232514  0.01167486 -0.00432514  0.04767486  0.03567486 -0.04032514
  0.01967486 -0.01232514  0.01167486 -0.04432514  0.00767486 -0.02432514
 -0.02032514 -0.01232514 -0.01232514 -0.02432514 -0.00832514 -0.02032514
  0.04767486 -0.00832514  0.01567486  0.00767486  0.02367486  0.01167486
 -0.03632514  0.03967486 -0.02432514 -0.00432514 -0.01632514 -0.05232514
 -0.01632514  0.03967486  0.03967486 -0.01232514  0.01567486 -0.02832514
 -0.04432514 -0.02032514 -0.04032514 -0.01232514 -0.05232514 -0.01632514
  0.01167486  0.00767486 -0.02832514  0.01167486  0.03167486 -0.01232514
 -0.00432514 -0.00032514 -0.02832514 -0.00032514  0.02767486 -0.01232514
  0.03567486  0.01567486  0.02767486 -0.00832514  0.02367486 -0.02832514
 -0.02032514 -0.05232514 -0.00832514 -0.02032514  0.04767486  0.03567486
 -0.07232514 -0.03632514 -0.04832514 -0.04832514 -0.06032514  0.00367486
  0.01967486 -0.02032514 -0.02432514 -0.03232514 -0.02832514 -0.00832514
 -0.01632514  0.03567486 -0.01632514  0.01967486 -0.02032514  0.00767486
  0.01167486  0.07567486  0.03567486  0.01967486 -0.00832514  0.00767486
 -0.04832514 -0.02432514 -0.05232514 -0.00032514 -0.01232514  0.05567486
 -0.02032514  0.01167486 -0.03232514 -0.01232514 -0.00432514 -0.02832514
 -0.01232514 -0.01232514  0.05967486 -0.02832514 -0.02432514 -0.01632514
  0.00767486 -0.00832514  0.01567486  0.05567486 -0.02432514 -0.05232514
 -0.01232514  0.04367486 -0.02432514  0.01167486  0.00367486 -0.04032514
 -0.00832514 -0.07232514  0.05167486 -0.00832514 -0.03632514  0.03167486
 -0.02432514 -0.00432514 -0.04832514  0.00367486  0.01967486 -0.04432514
 -0.02832514  0.00767486  0.03967486  0.03967486  0.00767486 -0.00432514
 -0.00032514  0.00367486  0.00367486 -0.02032514 -0.00832514 -0.00832514
  0.03967486  0.03167486 -0.04832514 -0.00032514  0.02367486 -0.02032514
  0.01167486  0.05167486  0.05567486  0.03167486 -0.03632514 -0.00832514
  0.06367486 -0.05232514  0.01567486  0.04767486  0.05567486 -0.00032514
 -0.06432514 -0.01232514  0.00767486  0.01167486  0.03567486 -0.00432514
 -0.06432514 -0.01632514 -0.00832514 -0.05232514  0.01967486  0.05567486
 -0.04032514 -0.03632514 -0.05232514 -0.05232514 -0.03232514 -0.02832514
  0.02767486 -0.00832514 -0.06832514 -0.00032514 -0.05632514 -0.06432514
 -0.05632514 -0.01232514 -0.03232514  0.01967486 -0.01232514 -0.00832514
  0.01167486  0.03167486  0.02367486 -0.05232514 -0.01232514  0.00767486
 -0.00832514 -0.00032514 -0.00032514  0.01567486 -0.01232514 -0.06832514
 -0.00432514 -0.02832514  0.03967486  0.02767486 -0.04432514  0.01567486
 -0.01232514 -0.00432514  0.01967486 -0.01232514 -0.03632514 -0.00832514
  0.00367486 -0.07232514 -0.04032514  0.05567486  0.01167486 -0.02032514
  0.04767486  0.06367486  0.00767486  0.00767486  0.02767486 -0.02032514
  0.01967486  0.03567486  0.01567486  0.03567486  0.00367486 -0.05232514
  0.01567486 -0.02832514  0.03567486 -0.02432514 -0.03232514 -0.00432514
 -0.01232514 -0.02432514 -0.00032514 -0.02832514 -0.02432514  0.02767486
  0.03167486 -0.06432514  0.02767486 -0.02032514 -0.07632514 -0.00032514
 -0.01232514 -0.02032514 -0.00832514 -0.02432514 -0.03232514  0.00367486
 -0.00432514  0.01167486 -0.03232514 -0.00032514  0.04767486  0.04367486
 -0.05632514 -0.02832514 -0.01632514  0.03967486 -0.05632514 -0.01632514
 -0.01232514 -0.00432514  0.01567486  0.05967486 -0.05232514 -0.02432514
 -0.03632514  0.00367486 -0.02032514 -0.00032514 -0.01632514 -0.02432514
 -0.06432514  0.03967486 -0.00432514 -0.05232514 -0.05632514 -0.00032514
 -0.02032514  0.00767486 -0.04832514 -0.05632514 -0.05632514 -0.02432514
  0.02367486  0.02767486 -0.02832514 -0.01632514 -0.03232514 -0.00032514
  0.00367486 -0.01232514 -0.00032514 -0.04832514 -0.06832514 -0.01632514
 -0.03632514  0.00367486 -0.04432514 -0.06832514 -0.03232514 -0.02832514
  0.03567486 -0.03232514 -0.02832514 -0.04432514  0.05967486 -0.05632514
  0.00367486  0.01167486  0.01967486 -0.05232514  0.02767486  0.00367486
 -0.02432514 -0.01232514 -0.08832514 -0.02832514  0.04767486 -0.06032514
  0.02367486 -0.00032514 -0.01632514 -0.01632514 -0.04032514  0.00767486
  0.01567486 -0.02832514  0.04767486  0.01567486 -0.03632514 -0.01232514
  0.01167486 -0.03232514  0.03167486 -0.00432514  0.01567486 -0.01232514
 -0.01632514 -0.02432514  0.06767486 -0.04432514  0.00367486  0.03967486
 -0.03632514  0.00367486 -0.02832514 -0.01632514 -0.00032514  0.00367486
 -0.00832514 -0.05632514 -0.06032514 -0.03232514 -0.00832514 -0.04832514
 -0.00832514 -0.02832514 -0.03232514 -0.00432514  0.02767486  0.03167486
  0.00767486  0.01567486 -0.00032514 -0.02032514  0.04367486  0.06367486
 -0.07232514  0.00367486 -0.03232514 -0.08432514 -0.01232514  0.01967486
 -0.05232514 -0.00432514  0.05167486  0.03967486 -0.01632514 -0.02432514
 -0.07232514  0.01967486 -0.05232514 -0.04832514 -0.00832514  0.04767486
  0.01167486 -0.00032514 -0.00432514  0.01567486 -0.02432514 -0.04432514
 -0.01232514 -0.01632514 -0.04032514 -0.04432514 -0.03632514 -0.00832514
  0.02367486 -0.01632514  0.01167486 -0.02432514  0.04367486  0.03567486
  0.02367486 -0.02432514 -0.01632514 -0.04832514 -0.01232514 -0.01632514
 -0.01632514  0.02767486 -0.02432514 -0.05632514 -0.06432514  0.01167486
  0.04367486 -0.04032514  0.00767486  0.00767486 -0.04432514  0.00367486
 -0.00832514 -0.01632514 -0.01632514  0.01567486]
The actual data is:
[-1 -1  1  1  1 -1  1 -1  1  1  1  1  1  1 -1  1 -1 -1 -1 -1 -1  1 -1 -1
 -1  1  1 -1  1  1  1 -1  1  1 -1  1 -1  1 -1 -1  1  1 -1 -1 -1  1  1 -1
  1 -1  1 -1 -1  1  1 -1  1 -1 -1  1 -1 -1  1  1 -1 -1 -1 -1  1 -1  1  1
  1 -1  1  1 -1  1 -1  1 -1  1  1  1 -1 -1 -1  1  1  1 -1  1 -1 -1  1 -1
 -1 -1  1 -1 -1  1 -1 -1  1 -1 -1  1 -1 -1 -1  1 -1  1 -1  1 -1  1 -1 -1
  1 -1  1 -1  1 -1 -1  1 -1 -1  1  1 -1 -1 -1  1  1 -1  1 -1  1 -1 -1  1
  1 -1 -1  1 -1 -1 -1 -1 -1  1 -1 -1 -1 -1 -1  1 -1 -1 -1 -1 -1  1 -1  1
  1 -1  1  1  1 -1 -1  1 -1  1  1 -1 -1 -1 -1  1  1 -1  1 -1 -1  1 -1 -1
 -1 -1  1  1 -1 -1 -1  1  1 -1 -1 -1 -1 -1 -1  1 -1 -1 -1 -1  1  1 -1  1
  1  1  1  1  1 -1  1 -1 -1 -1  1 -1  1 -1  1  1 -1 -1 -1  1  1 -1  1 -1
  1 -1 -1 -1 -1 -1 -1 -1 -1  1 -1 -1  1 -1 -1 -1 -1  1 -1 -1 -1 -1 -1 -1
 -1 -1  1 -1  1  1 -1  1 -1 -1  1  1  1  1 -1  1 -1  1  1  1 -1 -1 -1  1
  1 -1 -1 -1  1  1 -1 -1 -1  1 -1  1 -1  1  1  1  1 -1 -1 -1 -1 -1 -1 -1
 -1 -1 -1 -1  1 -1 -1  1 -1  1  1 -1  1 -1  1 -1  1 -1 -1  1  1  1 -1  1
 -1 -1  1 -1  1 -1 -1 -1  1 -1  1 -1 -1  1 -1 -1 -1  1 -1 -1 -1 -1 -1  1
  1  1  1  1  1  1 -1  1  1 -1  1  1 -1 -1  1 -1  1  1  1 -1 -1  1  1  1
 -1  1  1  1  1  1 -1 -1 -1  1  1 -1 -1  1 -1 -1 -1  1  1 -1  1 -1 -1  1
  1  1 -1 -1  1  1 -1 -1  1 -1 -1  1  1 -1 -1 -1 -1 -1 -1 -1  1 -1  1  1
 -1  1 -1 -1  1  1 -1 -1  1  1  1 -1 -1 -1  1 -1 -1 -1  1 -1  1  1 -1  1
 -1 -1  1 -1 -1 -1 -1 -1 -1 -1  1  1 -1  1 -1 -1 -1  1 -1 -1 -1 -1 -1  1
  1 -1  1  1 -1 -1 -1 -1  1  1  1 -1  1  1  1  1  1 -1 -1 -1  1 -1  1 -1
 -1  1  1  1  1 -1  1 -1 -1  1 -1 -1 -1 -1  1 -1  1 -1 -1 -1 -1  1  1 -1
 -1  1  1 -1 -1  1 -1 -1 -1  1  1 -1 -1  1 -1 -1 -1  1  1  1  1  1 -1  1
 -1  1 -1 -1  1 -1 -1  1 -1  1  1  1  1 -1 -1 -1 -1  1 -1  1  1 -1  1 -1
 -1  1 -1 -1 -1  1  1  1 -1  1  1 -1 -1  1 -1 -1  1 -1 -1 -1  1  1 -1  1
  1 -1  1 -1 -1  1 -1 -1  1 -1]

500 Dataset count 30
Number of features: 67500
Number of training samples: 320
Number of test samples: 80
Performing cross-validation using 5 values of lambda, this make take several minutes...
lambda  n_features score:
0.0000  13         0.602 
0.0000  13         0.602 
0.0000  13         0.602 
0.0000  13         0.602 
0.0000  13         0.602 
Accuracy of weak classifiers (score on test set):
  count    min    mean    max    std
-------  -----  ------  -----  -----
     30  0.475   0.615  0.662  0.061
Number of selected features: 13
Score on test set: 0.388
The predicted Data is :
[ 0.20555556 -0.12777778 -0.06111111  0.00555556  0.07222222  0.00555556
 -0.06111111 -0.06111111 -0.06111111 -0.06111111  0.07222222  0.13888889
  0.07222222  0.20555556  0.00555556  0.13888889  0.07222222 -0.12777778
 -0.12777778  0.00555556  0.13888889 -0.06111111 -0.06111111  0.07222222
  0.00555556  0.07222222  0.07222222 -0.06111111 -0.06111111  0.00555556
 -0.06111111  0.00555556  0.07222222 -0.12777778 -0.12777778 -0.12777778
  0.00555556  0.00555556  0.00555556  0.00555556  0.00555556  0.00555556
 -0.06111111 -0.06111111 -0.06111111  0.20555556  0.13888889  0.00555556
  0.00555556  0.00555556 -0.12777778  0.00555556 -0.06111111  0.27222222
 -0.06111111 -0.12777778 -0.06111111  0.13888889  0.00555556  0.00555556
  0.07222222 -0.06111111  0.07222222  0.00555556 -0.06111111  0.07222222
 -0.06111111  0.00555556  0.00555556 -0.06111111  0.07222222  0.00555556
  0.07222222  0.00555556  0.07222222  0.00555556 -0.12777778  0.00555556
 -0.06111111 -0.06111111]
The actual data is:
[-1  1  1 -1 -1 -1 -1  1 -1 -1 -1 -1 -1  1 -1 -1  1 -1 -1 -1 -1  1 -1  1
 -1  1 -1 -1  1 -1 -1  1  1 -1 -1 -1 -1 -1 -1  1 -1  1 -1 -1  1 -1  1  1
 -1 -1 -1 -1  1 -1  1  1 -1 -1 -1 -1 -1  1 -1  1 -1  1 -1 -1 -1  1 -1  1
 -1 -1 -1 -1  1  1  1  1]

 500 dataset count 320
Number of features: 67500
Number of training samples: 320
Number of test samples: 80
Performing cross-validation using 5 values of lambda, this make take several minutes...
lambda  n_features score:
0.0000  106        0.578 
0.0000  106        0.578 
0.0000  106        0.578 
0.0000  105        0.578 
0.0000  105        0.578 
Accuracy of weak classifiers (score on test set):
  count    min    mean    max    std
-------  -----  ------  -----  -----
    320  0.412   0.638  0.738  0.040
Number of selected features: 106
Score on test set: 0.475
The predicted Data is :
[ 0.02633464 -0.01741536  0.00133464 -0.00491536  0.03258464 -0.03616536
  0.02008464 -0.00491536  0.07008464  0.04508464 -0.01741536  0.05133464
  0.02008464  0.05133464  0.03258464  0.04508464  0.02633464 -0.01741536
 -0.01741536  0.00133464  0.05133464  0.02633464  0.04508464  0.01383464
  0.00133464  0.04508464  0.02633464  0.02633464  0.02633464  0.00133464
  0.06383464  0.05133464  0.04508464 -0.01741536  0.00133464 -0.01741536
  0.05758464  0.11383464  0.00133464  0.07008464  0.01383464  0.03258464
 -0.01741536  0.03883464  0.02633464  0.03883464  0.00758464  0.10133464
  0.06383464  0.00133464 -0.01116536  0.00758464  0.01383464  0.06383464
  0.04508464  0.00133464  0.01383464  0.02633464  0.05758464  0.05133464
  0.08883464  0.01383464  0.03883464  0.02008464 -0.01741536  0.04508464
  0.00758464 -0.01741536 -0.00491536  0.07008464  0.05133464  0.03258464
  0.02008464  0.07633464  0.05758464  0.02008464  0.01383464  0.05133464
  0.02008464  0.01383464]
The actual data is:
[-1  1  1 -1 -1 -1 -1  1 -1 -1 -1 -1 -1  1 -1 -1  1 -1 -1 -1 -1  1 -1  1
 -1  1 -1 -1  1 -1 -1  1  1 -1 -1 -1 -1 -1 -1  1 -1  1 -1 -1  1 -1  1  1
 -1 -1 -1 -1  1 -1  1  1 -1 -1 -1 -1 -1  1 -1  1 -1  1 -1 -1 -1  1 -1  1
 -1 -1 -1 -1  1  1  1  1]

500 dataset count 100
loading... category : Maggiorenne
loaded category:Maggiorenne successfully
loading... category : Minorenne
loaded category:Minorenne successfully
Number of features: 67500
Number of training samples: 320
Number of test samples: 80
Performing cross-validation using 5 values of lambda, this make take several minutes...
lambda  n_features score:
0.0000  44         0.656 
0.0000  44         0.656 
0.0000  44         0.656 
0.0000  44         0.656 
0.0000  44         0.656 
Accuracy of weak classifiers (score on test set):
  count    min    mean    max    std
-------  -----  ------  -----  -----
    100  0.512   0.646  0.750  0.027
Number of selected features: 44
Score on test set: 0.637
The predicted Data is :
[-0.0578125 -0.0378125 -0.0378125 -0.0178125  0.0421875 -0.0578125
 -0.0378125 -0.0378125  0.1021875 -0.0578125 -0.0178125  0.0621875
  0.0021875  0.1021875 -0.0178125 -0.0178125  0.0021875 -0.0378125
 -0.0778125 -0.0578125 -0.0378125  0.1221875 -0.0178125 -0.0578125
 -0.0378125  0.0221875 -0.0178125 -0.0778125  0.0221875 -0.0578125
 -0.0378125  0.0221875 -0.0178125 -0.0778125 -0.0778125 -0.0578125
 -0.0178125  0.0421875  0.0021875  0.1421875  0.0221875 -0.0378125
 -0.0378125 -0.0378125  0.0021875  0.0421875  0.0221875  0.0621875
 -0.0378125 -0.0578125 -0.0778125  0.0621875 -0.0378125  0.0421875
  0.0221875 -0.0578125  0.0221875  0.0621875  0.0221875 -0.0578125
  0.0421875  0.0021875  0.0421875  0.0021875 -0.0578125 -0.0178125
 -0.0778125 -0.0778125 -0.0578125  0.1221875  0.0221875  0.0221875
 -0.0578125 -0.0578125  0.0021875 -0.0378125 -0.0578125 -0.0578125
 -0.0378125  0.0021875]
The actual data is:
[-1  1  1 -1 -1 -1 -1  1 -1 -1 -1 -1 -1  1 -1 -1  1 -1 -1 -1 -1  1 -1  1
 -1  1 -1 -1  1 -1 -1  1  1 -1 -1 -1 -1 -1 -1  1 -1  1 -1 -1  1 -1  1  1
 -1 -1 -1 -1  1 -1  1  1 -1 -1 -1 -1 -1  1 -1  1 -1  1 -1 -1 -1  1 -1  1
 -1 -1 -1 -1  1  1  1  1]

 500 immagini 150 features
 Number of features: 67500
Number of training samples: 320
Number of test samples: 80
Performing cross-validation using 5 values of lambda, this make take several minutes...
lambda  n_features score:
0.0000  63         0.625 
0.0000  63         0.625 
0.0000  63         0.625 
0.0000  63         0.625 
0.0000  63         0.625 
Accuracy of weak classifiers (score on test set):
  count    min    mean    max    std
-------  -----  ------  -----  -----
    150  0.487   0.643  0.688  0.029
Number of selected features: 63
Score on test set: 0.700
The predicted Data is :
[-0.05861111 -0.07194444 -0.08527778 -0.01861111  0.02138889 -0.08527778
 -0.03194444 -0.03194444 -0.00527778 -0.07194444 -0.01861111  0.08805556
  0.00805556  0.03472222 -0.01861111 -0.00527778  0.03472222 -0.07194444
 -0.07194444 -0.04527778 -0.00527778  0.06138889 -0.00527778 -0.05861111
 -0.05861111 -0.00527778 -0.03194444 -0.08527778  0.00805556 -0.05861111
 -0.04527778  0.03472222  0.00805556 -0.09861111 -0.03194444 -0.08527778
  0.02138889  0.04805556 -0.01861111  0.08805556  0.02138889 -0.03194444
 -0.08527778 -0.03194444  0.00805556 -0.00527778 -0.03194444  0.12805556
 -0.03194444 -0.01861111 -0.09861111  0.00805556 -0.03194444 -0.00527778
  0.00805556 -0.07194444 -0.04527778 -0.01861111  0.02138889 -0.01861111
  0.02138889 -0.04527778 -0.03194444  0.00805556 -0.08527778 -0.01861111
 -0.05861111 -0.05861111 -0.03194444  0.14138889  0.00805556 -0.03194444
 -0.03194444 -0.01861111 -0.01861111 -0.00527778 -0.03194444 -0.05861111
  0.00805556  0.00805556]
The actual data is:
[-1  1  1 -1 -1 -1 -1  1 -1 -1 -1 -1 -1  1 -1 -1  1 -1 -1 -1 -1  1 -1  1
 -1  1 -1 -1  1 -1 -1  1  1 -1 -1 -1 -1 -1 -1  1 -1  1 -1 -1  1 -1  1  1
 -1 -1 -1 -1  1 -1  1  1 -1 -1 -1 -1 -1  1 -1  1 -1  1 -1 -1 -1  1 -1  1
 -1 -1 -1 -1  1  1  1  1]